
   5.0844    6.9156
   5.1220    6.8780
   4.3292    7.6708
   2.5975    9.4025
    2    10
    2    10
    2    10
    2    10
    2    10
    2    10
    2    10
    2    10
    2    10
    2    10
   3.1401    8.8599
   5.8437    6.1563
   7.6056    4.3944
   8.4000    3.6000
   8.2885    3.7115
   8.0852    3.9148
   7.6369    4.3631
   7.4003    4.5997
   7.1801    4.8199
   7.1519    4.8481
   7.1719    4.8281
   6.8853    5.1147
   6.8436    5.1564
   6.7547    5.2453
   6.4587    5.5413
   6.3026    5.6974
   6.2702    5.7298
   6.0549    5.9451
   6.1163    5.8837
   6.0197    5.9803
   6.0816    5.9184
   5.9385    6.0615
   5.7841    6.2159
   5.7174    6.2826
   5.6015    6.3985
   5.6160    6.3840
   5.8878    6.1122
   5.9066    6.0934
   6.0379    5.9621
   6.1554    5.8446
   6.1255    5.8745
   6.0456    5.9544
   6.0021    5.9979
   6.1398    5.8602
   5.9643    6.0357
   6.0667    5.9333
   5.9307    6.0693
   5.8361    6.1639
   5.8517    6.1483
   5.6793    6.3207
   5.7346    6.2654
   5.8148    6.1852
   6.0273    5.9727
   5.8924    6.1076
   5.8492    6.1508
   5.7412    6.2588
   5.8050    6.1950
   6.0652    5.9348
   6.1667    5.8333
   6.1947    5.8053
   6.3043    5.6957
   6.1444    5.8556
   6.0672    5.9328
   6.0456    5.9544
   5.9534    6.0466
   5.9326    6.0674
   5.9730    6.0270
   5.8375    6.1625
   6.1327    5.8673
   5.9105    6.0895
   5.9715    6.0285
   6.0741    5.9259
   5.9554    6.0446
   5.9469    6.0531
   5.8872    6.1128
   5.9569    6.0431
   5.9784    6.0216
   5.9897    6.0103
   6.0223    5.9777
   6.0325    5.9675
   5.9204    6.0796
   6.0927    5.9073
   5.9590    6.0410
   6.1779    5.8221
   6.2099    5.7901
   6.0890    5.9110
   5.9591    6.0409
   6.1460    5.8540
   6.0813    5.9187
   5.9352    6.0648
   6.0216    5.9784
   6.0555    5.9445
   6.2313    5.7687
   6.1679    5.8321
   6.0367    5.9633
   6.0608    5.9392
   6.2312    5.7688
   6.0613    5.9387
   6.1780    5.8220
   6.0766    5.9234
   6.1813    5.8187
   6.1154    5.8846
   -3     3
   4.5885    7.4115
   7.8157    4.1843
   7.7293    4.2707
   7.2905    4.7095
   6.9671    5.0329
   6.4732    5.5268
   6.2158    5.7842
   5.7303    6.2697
   5.5437    6.4563
   5.3755    6.6245
   10   -10
   5.0945    6.9055
   3.5853    8.4147
   4.8755   -7.1245
   9.4350   -2.5650
   2.0298    9.9702
    2    10
   10   -10
   6.9062   -5.0938
    2    10
    2    10
   9.0770   -2.9230
   6.2359   -5.7641
   7.2870    4.7130
   4.3025    7.6975
   8.5343    3.4657
  11.9091   -0.0909
  10.0845    1.9155
   7.4217    4.5783
   7.4175    4.5825
   8.4066    3.5934
   8.8512    3.1488
   8.6228    3.3772
   8.3049    3.6951
   8.2396    3.7604
   8.2397    3.7603
   8.0336    3.9664
   8.0705    3.9295
   7.7719    4.2281
   7.5998    4.4002
   7.5026    4.4974
   7.4016    4.5984
   7.3359    4.6641
   7.2937    4.7063
   7.0728    4.9272
   6.9042    5.0958
   6.7821    5.2179
   6.6652    5.3348
   6.2267    5.7733
   6.3490    5.6510
   6.2584    5.7416
   6.0094    5.9906
   6.0903    5.9097
   5.8395    6.1605
   5.8326    6.1674
   5.8337    6.1663
   5.8244    6.1756
   5.9354    6.0646
   5.7450    6.2550
   10   -10
   4.8046    7.1954
   3.8200    8.1800
   10   -10
  11.0914    0.9086
    2    10
    2    10
   10   -10
  10.0000   -9.7963
    2    10
    2    10
   7.9420    4.0580
   6.8102   -5.1898
  11.7286    0.2714
   4.9194    7.0806
   6.1478    5.8522
  10.9640    1.0360
  10.8443    1.1557
   8.3233    3.6767
   7.2746    4.7254
   7.9392    4.0608
   8.6182    3.3818
   8.7400    3.2600
   8.5182    3.4818
   8.1048    3.8952
   8.0989    3.9011
   8.0011    3.9989
   7.8481    4.1519
   7.6772    4.3228
   7.5332    4.4668
   7.5875    4.4125
   7.5375    4.4625
   7.5349    4.4651
   7.1767    4.8233
   7.0594    4.9406
   6.9274    5.0726
   6.6357    5.3643
   6.4968    5.5032
   -3     3
   6.8620    5.1380
   8.2846    3.7154
   8.0104    3.9896
   7.2854    4.7146
   6.8516    5.1484
   6.3220    5.6780
   5.8692    6.1308
   5.5627    6.4373
   5.3256    6.6744
   5.1718    6.8282
   5.0303    6.9697
   4.8260    7.1740
   5.0383    6.9617
   5.1540    6.8460
   5.4239    6.5761
   5.6144    6.3856
   5.8998    6.1002
   5.8707    6.1293
   6.0870    5.9130
   5.9210    6.0790
   6.0988    5.9012
   6.1565    5.8435
   6.3802    5.6198
   6.0880    5.9120
   6.1493    5.8507
   6.1773    5.8227
   6.0684    5.9316
   5.8385    6.1615
   5.7661    6.2339
   5.9947    6.0053
   5.8710    6.1290
   5.9570    6.0430
   5.7745    6.2255
   5.9849    6.0151
   5.9560    6.0440
   5.9292    6.0708
   5.8654    6.1346
   5.9804    6.0196
   5.9535    6.0465
   5.9645    6.0355
   6.0541    5.9459
   5.9283    6.0717
   5.8064    6.1936
   5.8579    6.1421
   6.0484    5.9516
   5.9427    6.0573
   6.0418    5.9582
   5.9048    6.0952
   6.0097    5.9903
   5.8811    6.1189
   5.9838    6.0162
   6.0318    5.9682
   6.0109    5.9891
   6.1626    5.8374
   6.2079    5.7921
   6.3368    5.6632
   6.3538    5.6462
   6.2229    5.7771
   6.0899    5.9101
   6.1139    5.8861
   6.1592    5.8408
   6.0926    5.9074
   6.0755    5.9245
   5.9763    6.0237
   5.8082    6.1918
   5.7540    6.2460
   5.9380    6.0620
   5.8320    6.1680
   6.0347    5.9653
   5.9574    6.0426
   5.9702    6.0298
   6.0854    5.9146
   6.0058    5.9942
   6.0893    5.9107
   5.9754    6.0246
   5.9479    6.0521
   6.0699    5.9301
   6.0738    5.9262
   5.9820    6.0180
   6.0416    5.9584
   5.8548    6.1452
   5.9780    6.0220
   5.9596    6.0404
   6.1515    5.8485
   6.1032    5.8968
   6.0489    5.9511
   5.9052    6.0948
   6.0010    5.9990
   6.1525    5.8475
   6.1358    5.8642
   6.0609    5.9391
   6.0033    5.9967
   6.0538    5.9462
   5.8744    6.1256
   5.8370    6.1630
   5.9475    6.0525
   6.1359    5.8641
   6.0037    5.9963
   6.0272    5.9728
   6.1191    5.8809
   6.1069    5.8931
   5.8704    6.1296
   6.0227    5.9773
   5.8804    6.1196
   5.9350    6.0650
   6.0176    5.9824
   6.2096    5.7904
   6.2947    5.7053
   6.0805    5.9195
   5.9872    6.0128
   -3     3
   3.5739    8.4261
   6.6885    5.3115
   6.8868    5.1132
   6.8442    5.1558
   6.6231    5.3769
   6.6053    5.3947
   6.2155    5.7845
   6.0870    5.9130
   5.8143    6.1857
   5.7104    6.2896
   10   -10
  10.0000   -9.7067
   3.8192    8.1808
   3.1576    8.8424
    2    10
   8.1265   -3.8735
   10   -10
    2    10
    2    10
  11.4117   -0.5883
   4.8738   -7.1262
   6.8929    5.1071
   3.4807    8.5193
   9.8795    2.1205
  10.1359   -1.8641
  10.1100    1.8900
   6.8488    5.1512
   7.2674    4.7326
   9.2880    2.7120
   9.7100    2.2900
   8.7298    3.2702
   8.0977    3.9023
   8.2392    3.7608
   8.2214    3.7786
   8.4289    3.5711
   8.1365    3.8635
   -3     3
   9.0014    2.9986
  10.0423    1.9577
   9.0667    2.9333
   8.0795    3.9205
   7.3808    4.6192
   6.4195    5.5805
   5.4265    6.5735
   4.6365    7.3635
   3.7879    8.2121
   3.2290    8.7710
   2.8402    9.1598
   2.7170    9.2830
   3.0631    8.9369
   3.7936    8.2064
   4.6380    7.3620
   5.5423    6.4577
   6.0716    5.9284
   6.5423    5.4577
   6.8739    5.1261
   6.8733    5.1267
   6.8431    5.1569
   6.8168    5.1832
   6.6266    5.3734
   6.4959    5.5041
   6.4012    5.5988
   6.3818    5.6182
   6.2198    5.7802
   6.0039    5.9961
   6.0910    5.9090
   6.1088    5.8912
   6.0727    5.9273
   6.0573    5.9427
   5.9811    6.0189
   6.0556    5.9444
   5.9634    6.0366
   5.8564    6.1436
   5.8607    6.1393
   5.8657    6.1343
   6.0337    5.9663
   6.1362    5.8638
   5.9865    6.0135
   6.0302    5.9698
   6.0787    5.9213
   -3     3
   7.6203    4.3797
   8.6366    3.3634
   8.1317    3.8683
   7.2964    4.7036
   6.5979    5.4021
   6.0801    5.9199
   5.2973    6.7027
   4.9640    7.0360
   4.4971    7.5029
   4.2119    7.7881
   4.3348    7.6652
   10   -10
   10   -10
   3.0096    8.9904
   2.2637    9.7363
    2    10
   10   -10
   5.9040   -6.0960
    2    10
    2    10
  11.1601   -0.8399
   5.1185   -6.8815
   7.1490    4.8510
   4.0769    7.9231
   9.7425    2.2575
  10.8212   -1.1788
   9.3624    2.6376
   7.1000    4.9000
   7.7740    4.2260
   9.0409    2.9591
   8.9233    3.0767
   8.5019    3.4981
   8.3162    3.6838
   8.3875    3.6125
   8.2692    3.7308
   8.1137    3.8863
   8.1528    3.8472
   8.0846    3.9154
   7.7528    4.2472
   7.9348    4.0652
   7.5426    4.4574
   7.3984    4.6016
   7.3672    4.6328
   7.2154    4.7846
   7.1159    4.8841
   6.8846    5.1154
   6.7934    5.2066
   6.5194    5.4806
   6.3661    5.6339
   6.3352    5.6648
   6.2046    5.7954
   6.1394    5.8606
   6.0374    5.9626
   5.9281    6.0719
   5.7258    6.2742
   5.6413    6.3587
   5.8284    6.1716
   5.6953    6.3047
   5.8083    6.1917
   10   -10
   10   -10
   3.8843    8.1157
   3.1885    8.8115
   2.1403    9.8597
  11.8358   -0.1642
   10   -10
    2    10
    2    10
   7.5704   -4.4296
   5.1143   -6.8857
   4.2811    7.7189
   3.3281    8.6719
   9.9724   -2.0276
   8.4797   -3.5203
   7.5702    4.4298
   5.1487    6.8513
   8.5333    3.4667
  10.8128    1.1872
   9.8753    2.1247
   7.7901    4.2099
   7.7504    4.2496
   8.3428    3.6572
   8.6794    3.3206
   8.6018    3.3982
   8.2392    3.7608
   8.3348    3.6652
   7.9544    4.0456
   7.8402    4.1598
   7.8651    4.1349
   7.7340    4.2660
   7.4225    4.5775
   7.2155    4.7845
   7.1721    4.8279
   7.0031    4.9969
   6.8747    5.1253
   6.8657    5.1343
   6.5881    5.4119
   6.4459    5.5541
   -3     3
   6.5098    5.4902
   8.0896    3.9104
   7.6198    4.3802
   7.1867    4.8133
   6.5680    5.4320
   6.0568    5.9432
   5.7308    6.2692
   5.4620    6.5380
   5.0140    6.9860
   4.8096    7.1904
   4.6871    7.3129
   4.6922    7.3078
   4.9642    7.0358
   5.2308    6.7692
   5.4152    6.5848
   5.8130    6.1870
   6.0430    5.9570
   6.2081    5.7919
   6.2138    5.7862
   6.4245    5.5755
   6.3144    5.6856
   6.2704    5.7296
   6.1427    5.8573
   6.1764    5.8236
   6.0721    5.9279
   6.0558    5.9442
   5.9531    6.0469
   5.9313    6.0687
   6.0069    5.9931
   5.9975    6.0025
   6.0492    5.9508
   5.8889    6.1111
   5.9323    6.0677
   5.9574    6.0426
   5.7813    6.2187
   5.7875    6.2125
   5.7969    6.2031
   5.8001    6.1999
   5.9513    6.0487
   5.9033    6.0967
   6.1578    5.8422
   6.1492    5.8508
   6.1810    5.8190
   6.0328    5.9672
   6.1794    5.8206
   6.2112    5.7888
   6.1405    5.8595
   5.9626    6.0374
   5.9989    6.0011
   5.9376    6.0624
   6.0007    5.9993
   5.8772    6.1228
   5.8639    6.1361
   6.0654    5.9346
   5.8974    6.1026
   6.0086    5.9914
   5.8912    6.1088
   5.8441    6.1559
   6.0439    5.9561
   6.0261    5.9739
   6.1658    5.8342
   6.1117    5.8883
   6.1070    5.8930
   5.9365    6.0635
   5.9150    6.0850
   6.0265    5.9735
   6.0433    5.9567
   6.1485    5.8515
   6.1553    5.8447
   6.4098    5.5902
   6.1370    5.8630
   6.2077    5.7923
   6.2446    5.7554
   6.1370    5.8630
   6.0446    5.9554
   5.8240    6.1760
   5.9573    6.0427
   5.8050    6.1950
   5.7767    6.2233
   5.8797    6.1203
   5.7483    6.2517
   5.7237    6.2763
   5.7385    6.2615
   5.8465    6.1535
   5.9302    6.0698
   6.0906    5.9094
